Enrutador: 0

 0 |  0 |  0 |  0 |  0 |  0 | 
 0 |  4 |  0 |  0 |  0 |  0 | 
 0 |  0 |  3 |  0 |  0 |  0 | 
 0 |  0 |  0 |  2 |  0 |  0 | 
 0 |  0 |  5 |  0 |  0 |  0 | 
 0 |  0 |  8 |  0 |  0 |  0 | 



Enrutador: 1

 4 |  0 |  0 |  0 |  0 |  0 | 
 0 |  0 |  0 |  0 |  0 |  0 | 
 0 |  0 |  1 |  0 |  0 |  0 | 
 0 |  0 |  3 |  0 |  0 |  0 | 
 0 |  0 |  3 |  0 |  0 |  0 | 
 0 |  0 |  0 |  0 |  0 |  5 | 



Enrutador: 2

 3 |  0 |  0 |  0 |  0 |  0 | 
 0 |  1 |  0 |  0 |  0 |  0 | 
 0 |  0 |  0 |  0 |  0 |  0 | 
 0 |  0 |  0 |  2 |  0 |  0 | 
 0 |  0 |  0 |  0 |  2 |  0 | 
 0 |  0 |  0 |  0 |  5 |  0 | 



Enrutador: 3

 2 |  0 |  0 |  0 |  0 |  0 | 
 0 |  0 |  3 |  0 |  0 |  0 | 
 0 |  0 |  2 |  0 |  0 |  0 | 
 0 |  0 |  0 |  0 |  0 |  0 | 
 0 |  0 |  4 |  0 |  0 |  0 | 
 0 |  0 |  7 |  0 |  0 |  0 | 



Enrutador: 4

 0 |  0 |  5 |  0 |  0 |  0 | 
 0 |  0 |  3 |  0 |  0 |  0 | 
 0 |  0 |  2 |  0 |  0 |  0 | 
 0 |  0 |  4 |  0 |  0 |  0 | 
 0 |  0 |  0 |  0 |  0 |  0 | 
 0 |  0 |  0 |  0 |  0 |  3 | 



Enrutador: 5

 0 |  0 |  0 |  0 |  8 |  0 | 
 0 |  5 |  0 |  0 |  0 |  0 | 
 0 |  0 |  0 |  0 |  5 |  0 | 
 0 |  0 |  0 |  0 |  7 |  0 | 
 0 |  0 |  0 |  0 |  3 |  0 | 
 0 |  0 |  0 |  0 |  0 |  0 | 



